156.6265980173974
2.944984930740308
5226.359309147505
2816.282614129536
156.60826494711222
5223.782911285822
2.9348310211528457
2814.290202753472
156428.29238756656
125107.06079293722
349311.12278458476
63456.437097904134
412767.5598826524
281535.3531807886
182.9641139418782
8.728845455321212
53.13951644844652
1194.7063053769807
9.157901374319504
385.1522229483062
0.03917705455064457
0.017830887489153985
0.1016176327329543
0.581633400517588
0.32270493022679786
0.03540199921614174
0.0
0.10161612240875566
